1.00
1.001
1.002
1.007
1.011
1.013
1.015
1.016
1.020
1.022
1.036
1.041
1.053
1.056
1.060A
1.060B
1.062
1.068
1.073
1.074
1.080A
1.080B
1.081
1.082
1.083A
1.083B
1.092
1.095
1.102
1.107
1.128
1.142
1.151
1.152
1.153
1.202
1.234
1.253
1.254
1.255
1.258
1.261
1.265
1.27
1.271
1.273
1.274
1.284
1.331
1.34
1.351
1.381
1.39
1.472
1.56
1.562
1.582
1.589
1.597
1.631
1.66
1.685
1.686
1.692
1.699
1.723
1.74
1.77
1.782
1.899
1.968
1.969
1.982
1.983
1.984
1.999
1.EPE
1.NIV
1.S82
1.S977
1.S978
1.S979
1.S980
1.S981
1.S982
1.S991
1.S992
1.THG
1.THU
1.UR
1.URG
1.URN
