10.S94
10.S95
10.958
10.957
10.956
10.955
10.954
10.953
10.962
10.960
10.969
10.968
10.967
10.966
10.965
10.964
10.995
10.994
10.992
10.998
10.997
10.974
10.973
10.972
10.971
10.970
10.976
10.975
10.985
10.984
10.983
10.982
10.981
10.989
10.EPE
10.987
10.551
10.557
10.569
10.544
10.543
10.571
10.NIV
10.494
10.911
10.910
10.53
10.65
10.32
10.37
10.43
10.10
10.URG
10.26
10.407
10.27
10.29
10.02
10.01
10.03
10.443
10.441
10.URW
10.426
10.90
10.491
10.450
10.82
10.81
10.84
10.83
10.86
10.85
10.87
10.80
10.392
10.390
10.807
10.UR
10.THU
10.THG
10.702
10.792
10.301
10.643
10.626
10.652
10.213
