11.801
11.800
11.320
11.312
11.304
11.303
11.367
11.355
11.353
11.352
11.344
11.333
11.332
11.330
11.383
11.386
11.376
11.378
11.THG
11.THU
11.205
11.S199
11.S196
11.S195
11.S198
11.S197
11.234
11.237
11.239
11.220
11.252
11.S949
11.S948
11.S945
11.S944
11.S947
11.S946
11.S941
11.S940
11.S943
11.S942
11.S959
11.S958
11.S951
11.S954
11.S953
11.189
11.188
11.193
11.192
11.194
11.191
11.190
11.S938
11.S939
11.S967
11.S966
11.S969
11.S968
11.S965
11.S970
11.520
11.521
11.524
11.523
11.541
11.543
11.533
11.123
11.125
11.127
11.NIV
11.166
11.153
11.145
11.147
11.142
11.131
11.139
11.902
11.901
11.904
11.903
11.906
11.905
11.908
11.907
11.960
11.962
11.961
11.964
11.963
11.404
11.URG
11.444
11.432
11.434
11.439
11.436
11.427
11.487
11.005
11.001
11.490
11.475
11.478
11.474
11.481
11.463
11.468
11.027
11.026
11.013
11.016
11.UR
11.496
11.011
