12.002
12.005
12.007
12.009
12.011
12.091
12.108
12.116
12.119
12.207
12.306
12.307
12.330
12.338
12.340
12.349
12.402
12.409
12.425
12.43
12.446
12.450
12.451
12.456
12.460
12.461
12.467
12.475
12.510
12.515
12.520
12.521
12.533
12.540
12.552
12.570
12.571
12.580
12.581
12.603
12.625
12.690
12.691
12.707
12.712
12.717
12.721
12.722
12.730
12.731
12.735
12.736
12.743
12.746
12.753
12.756
12.758
12.759
12.801
12.802
12.806
12.810
12.811
12.814
12.823
12.849
12.860
12.951
12.960
12.961
12.970
12.971
12.980
12.981
12.982
12.983
12.NIV
12.S492
12.S493
12.S590
12.S592
12.S593
12.S680
12.S681
12.THG
12.THU
12.TIP
12.UR
12.URG
