15.URW
15.411
15.412
15.URN
15.URG
15.428
15.429
15.427
15.439
15.437
15.438
15.434
15.431
15.447
15.445
15.442
15.441
15.S418
15.879
15.878
15.871
15.872
15.402
15.401
15.012
15.493
15.491
15.490
15.025
15.038
15.037
15.032
15.450
15.466
15.467
15.460
15.002
15.812
15.810
15.839
15.838
15.835
15.846
15.840
15.771
15.305
15.301
15.783
15.784
15.317
15.799
15.310
15.794
15.792
15.326
15.323
15.324
15.321
15.320
15.URG2
15.736
15.730
15.769
15.768
15.765
15.763
15.764
15.761
15.762
15.378
15.379
15.376
15.373
15.370
15.371
15.387
15.385
15.386
15.398
15.399
15.394
15.392
15.390
15.345
15.363
15.THG
15.707
15.708
15.703
15.701
15.714
15.712
15.727
15.723
15.720
15.668
15.665
15.662
15.677
15.617
15.618
15.615
15.268
15.279
15.270
15.281
15.282
15.218
15.228
15.225
15.221
15.539
15.535
15.S09
15.S07
15.S08
15.S05
15.S06
15.S03
15.S04
15.S01
15.UR
15.S16
15.S14
15.S12
15.S10
15.S11
15.501
15.518
15.516
15.999
15.521
15.S67
15.S68
15.137
15.S66
15.141
15.S72
15.S73
15.S70
15.S71
15.S25
15.S26
15.S23
15.S24
15.S20
15.SABU
15.571
15.NIV
15.S30
15.S53
15.122
15.099
15.094
15.058
15.053
15.078
15.077
15.071
15.084
15.952
15.950
15.951
15.961
15.962
15.960
15.904
15.900
15.914
15.915
15.913
15.911
15.929
