18.276
18.100C
18.100B
18.100A
18.310A
18.175
18.177
18.156
18.158
18.05
18.06
18.01
18.02
18.03
18.04
18.999
18.979
18.504
18.950
18.952
18.966
18.125
18.102
18.NIV
18.075
18.085
18.086
18.062
18.034
18.024
18.02A
18.S998
18.S997
18.UR
18.917
18.906
18.901
18.904
18.099
18.400
18.405
18.409
18.821
18.465
18.433
18.434
18.440
18.443
18.445
18.410
18.416
18.418
18.424
18.425
18.377
18.CME
18.745
18.726
18.THG
18.THU
18.702
18.703
18.704
18.352
18.354
18.330
18.335
18.338
18.311
18.312
18.318
18.781
18.783
18.786
18.304
18.306
