2.UR
2.673
2.674
2.671
2.678
2.684
2.680
2.681
2.689
2.391
2.374
2.372
2.370
2.710
2.705
2.723
2.722
2.720
2.THG
2.702
2.THU
2.792
2.793
2.796
2.797
2.782
2.752
2.753
2.739
2.S981
2.034
2.031
2.S992
2.S994
2.S993
2.S995
2.S998
2.S997
2.S999
2.014
2.019
2.017
2.00B
2.002
2.003
2.001
2.008
2.006
2.007
2.004
2.005
2.071
2.089
2.086
2.087
2.084
2.082
2.081
2.04A
2.066
2.065
2.830
2.813
2.821
2.URN
2.890
2.URG
2.888
2.153
2.167
2.160
2.131
2.140
2.110
2.NIV
2.03
2.01
2.14
2.06
2.24
2.22
2.18
2.29
2.37
2.55
2.61
2.60
2.183
2.184
2.62
2.180
2.72
2.71
2.83
2.965
2.99
2.912
2.900
2.993
2.990
2.998
2.999
2.996
2.997
2.994
2.995
2.979
2.EPE
