4.022
4.024
4.107
4.110
4.152
4.154
4.163
4.180
4.181
4.182
4.183
4.184
4.185
4.189
4.191
4.192
4.193
4.194
4.211
4.230
4.231
4.232
4.233
4.236
4.241
4.244
4.250
4.254
4.255
4.288
4.291
4.292
4.293
4.294
4.301
4.302
4.314
4.315
4.344
4.345
4.356
4.357
4.368
4.369
4.373
4.374
4.388
4.389
4.390
4.391
4.392
4.393
4.394
4.430
4.440
4.444
4.445
4.462
4.464
4.475
4.477
4.488
4.489
4.491
4.492
4.493
4.494
4.501
4.522
4.523
4.541
4.542
4.550
4.552
4.557
4.561
4.566
4.569
4.570
4.582
4.583
4.584
4.587
4.589
4.591
4.592
4.593
4.594
4.602
4.605
4.625
4.640
4.645
4.646
4.677
4.686
4.687
4.689
4.691
4.692
4.693
4.694
4.NIV
4.S10
4.S23
4.S27
4.S32
4.S33
4.S48
4.S62
4.S67
4.THG
4.THU
4.UR
4.URG
4.URN
