6.0001
6.0002
6.002
6.003
6.004
6.005
6.006
6.007
6.01
6.011
6.012
6.013
6.022
6.023
6.024
6.033
6.036
6.041
6.042
6.045
6.046
6.049
6.050
6.061
6.070
6.071
6.072
6.100
6.101
6.115
6.123
6.129
6.141
6.163
6.169
6.182
6.207
6.241
6.252
6.260
6.262
6.268
6.302
6.334
6.337
6.344
6.348
6.431
6.437
6.441
6.522
6.541
6.555
6.632
6.634
6.652
6.690
6.695
6.717
6.730
6.731
6.775
6.776
6.777
6.780
6.781
6.802
6.803
6.813
6.815
6.823
6.824
6.831
6.833
6.834
6.835
6.838
6.841
6.853
6.856
6.857
6.865
6.868
6.874
6.875
6.885
6.886
6.888
6.891
6.893
6.902
6.903
6.905
6.910
6.920
6.922
6.933
6.945
6.951
6.952
6.960
6.961
6.962
6.980
6.981
6.991
6.999
6.CME
6.EPE
6.NIV
6.S03
6.S076
6.S077
6.S078
6.S079
6.S085
6.S087
6.S089
6.S092
6.S093
6.S183
6.S184
6.S192
6.S194
6.S198
6.S897
6.S898
6.S899
6.S963
6.S964
6.S977
6.S978
6.S979
6.THG
6.THM
6.UAP
6.UAR
6.UAT
6.UR
6.URS
6.URW
