7.013
7.014
7.02
7.03
7.05
7.06
7.08
7.10
7.11
7.15
7.18
7.19
7.24
7.27
7.28
7.29
7.33
7.340
7.341
7.342
7.343
7.344
7.345
7.346
7.347
7.348
7.349
7.36
7.37
7.38
7.391
7.392
7.393
7.394
7.395
7.396
7.410
7.411
7.421
7.430
7.431
7.432
7.433
7.434
7.435
7.436
7.437
7.438
7.439
7.440
7.47
7.49
7.491
7.494
7.495
7.498
7.499
7.549
7.55
7.57
7.58
7.60
7.64
7.67
7.68
7.69
7.77
7.78
7.80
7.82
7.83
7.84
7.88
7.91
7.931
7.932
7.933
7.934
7.935
7.942
7.95
7.98
7.MTHG
7.NIV
7.S390
7.S391
7.S930
7.S931
7.S939
7.THG
7.THU
7.UR
7.URG
7.URW
